,gpt-5-nano-t1-1,gpt-5-nano-t1-2,gpt-5-mini-t1-1,gpt-5-mini-t1-2,gpt-5.2-t1-1,gpt-5.2-t1-2,gpt-5.2-t0
gpt-5-nano-t1-1,1.0000,0.0549,0.1228,0.0127,-0.0198,0.0676,-0.0060
gpt-5-nano-t1-2,0.0549,1.0000,0.0580,0.0087,0.0170,-0.0207,-0.0111
gpt-5-mini-t1-1,0.1228,0.0580,1.0000,0.1096,0.0033,-0.0322,-0.0248
gpt-5-mini-t1-2,0.0127,0.0087,0.1096,1.0000,0.0584,-0.0207,-0.0333
gpt-5.2-t1-1,-0.0198,0.0170,0.0033,0.0584,1.0000,0.0947,0.0922
gpt-5.2-t1-2,0.0676,-0.0207,-0.0322,-0.0207,0.0947,1.0000,0.0702
gpt-5.2-t0,-0.0060,-0.0111,-0.0248,-0.0333,0.0922,0.0702,1.0000
