,gpt-5-nano-t1-1,gpt-5-nano-t1-2,gpt-5-mini-t1-1,gpt-5-mini-t1-2,gpt-5.2-t1-1,gpt-5.2-t1-2,gpt-5.2-t0
gpt-5-nano-t1-1,0.0000,0.4726,0.4386,0.4936,0.5099,0.4662,0.5030
gpt-5-nano-t1-2,0.4726,0.0000,0.4710,0.4957,0.4915,0.5104,0.5056
gpt-5-mini-t1-1,0.4386,0.4710,0.0000,0.4452,0.4984,0.5161,0.5124
gpt-5-mini-t1-2,0.4936,0.4957,0.4452,0.0000,0.4708,0.5104,0.5167
gpt-5.2-t1-1,0.5099,0.4915,0.4984,0.4708,0.0000,0.4527,0.4539
gpt-5.2-t1-2,0.4662,0.5104,0.5161,0.5104,0.4527,0.0000,0.4649
gpt-5.2-t0,0.5030,0.5056,0.5124,0.5167,0.4539,0.4649,0.0000
